opt-6.7b Ga 46.83 1890,9501,63,125.91
opt-6.7b Na 45.15 1890,9501,61,123.29
opt-6.7b G 39.71 1890,9501,61,121.93
opt-6.7b N 45.74 1890,9251,60,121.51
opt-6.7b Giso 53.05 1905,9501,60,121.84
opt-6.7b Niso 46.89 1905,9251,60,122.53
opt-6.7b Nhalf 46.07 1905,9501,60,121.73
opt-6.7b Nns 49.17 1800,9501,61,122.93
opt-6.7b Nnsc 53.36 1905,9501,62,124.09
Bamboo Ga 28.06 1800,9501,59,117.54
Bamboo Na 23.39 1800,9501,59,118.28
Bamboo G 28.81 1800,9501,58,117.68
Bamboo N 23.42 1800,9501,59,119.73
Bamboo Giso 28.78 1800,9501,59,120.54
Bamboo Niso 27.24 1800,9501,58,117.89
Bamboo Nhalf 26.22 1800,9501,59,120.51
Bamboo Nns 28.36 1800,9501,58,118.94
Bamboo Nnsc 28.91 1800,9501,58,117.79
prosparse-7b Ga 39.72 1890,9501,59,120.27
prosparse-7b Na 37.25 1890,9501,59,120.68
prosparse-7b G 38.83 1890,9501,60,122.09
prosparse-7b N 34.92 1890,9251,60,121.43
prosparse-7b Giso 42.44 1905,9501,60,122.76
prosparse-7b Niso 37.20 1890,9501,61,122.74
prosparse-7b Nhalf 39.80 1890,9501,61,122.90
prosparse-7b Nns 39.78 1890,9501,61,123.86
prosparse-7b Nnsc 41.77 1890,9501,62,124.38
SparseQwen2 Ga 44.92 1800,9501,58,115.27
SparseQwen2 Na 34.69 1800,9501,60,117.20
SparseQwen2 G 48.33 1800,9501,61,118.35
SparseQwen2 N 35.67 1800,9501,61,119.88
SparseQwen2 Giso 47.32 1800,9251,61,118.14
SparseQwen2 Niso 36.89 1800,9501,61,119.44
SparseQwen2 Nhalf 35.91 1800,9501,61,120.80
SparseQwen2 Nns 39.92 1800,9501,62,120.27
SparseQwen2 Nnsc 40.39 1800,9501,62,122.94
opt-30b Ga 28.79 1800,9501,59,117.85
opt-30b Na 22.10 1800,9501,59,116.96
opt-30b G 30.62 1800,9501,58,116.46
opt-30b N 21.61 1800,9501,59,115.73
opt-30b Giso 27.81 1800,9501,58,115.34
opt-30b Niso 22.88 1800,9501,59,114.22
opt-30b Nhalf 24.90 1800,9501,58,113.89
opt-30b Nns 27.39 1800,9501,59,115.62
opt-30b Nnsc 26.99 1800,9501,59,115.53
