opt-6.7b Ga 1 54.18 1800,9501,73,132.98
opt-6.7b Na 1 46.80 1860,9501,73,136.44
opt-6.7b G 1 41.31 1860,9501,72,135.28
opt-6.7b N 1 47.93 1875,9501,70,133.95
opt-6.7b Giso 1 53.28 1875,9501,71,134.55
opt-6.7b Niso 1 46.70 1875,9501,70,133.32
opt-6.7b Nhalf 1 47.98 1875,9501,70,133.66
opt-6.7b Nns 1 52.77 1875,9501,70,132.98
opt-6.7b Nnsc 1 53.94 1875,9501,70,133.57
Bamboo Ga 1 33.64 1875,9501,70,134.27
Bamboo Na 1 36.31 1800,9501,66,125.26
Bamboo G 1 33.63 1800,9501,72,133.96
Bamboo N 1 34.33 1800,9501,70,131.88
Bamboo Giso 1 33.69 1800,9501,73,133.88
Bamboo Niso 1 38.81 1800,9501,71,133.29
Bamboo Nhalf 1 38.65 1800,9501,74,136.18
Bamboo Nns 1 42.39 1800,9501,74,135.27
Bamboo Nnsc 1 43.85 1800,9501,76,135.77
prosparse-7b Ga 1 45.25 1800,9501,76,137.52
prosparse-7b Na 1 37.94 1875,9501,73,135.95
prosparse-7b G 1 30.28 1875,9501,72,135.06
prosparse-7b N 1 32.62 1800,9501,64,111.69
prosparse-7b Giso 1 29.70 1800,9501,64,112.01
prosparse-7b Niso 1 26.37 1800,9501,64,119.30
prosparse-7b Nhalf 1 33.98 1800,9501,65,121.60
prosparse-7b Nns 1 34.45 1800,9501,64,112.34
prosparse-7b Nnsc 1 36.14 1800,9501,65,124.42
SparseQwen2 Ga 1 48.88 1800,9501,64,121.44
SparseQwen2 Na 1 36.13 1800,9501,66,124.44
SparseQwen2 G 1 48.58 1800,9501,67,125.55
SparseQwen2 N 1 37.52 1800,9501,67,126.65
SparseQwen2 Giso 1 47.19 1800,9501,68,126.89
SparseQwen2 Niso 1 36.68 1800,9501,67,127.93
SparseQwen2 Nhalf 1 38.70 1800,9501,67,128.40
SparseQwen2 Nns 1 41.46 1800,9501,67,124.34
SparseQwen2 Nnsc 1 41.98 1800,9501,68,129.24
opt-30b Ga 1 29.93 1800,9501,68,128.73
opt-30b Na 1 22.49 1800,9501,71,133.32
opt-30b G 1 30.52 1800,9501,71,131.92
opt-30b N 1 23.53 1800,9501,71,132.11
opt-30b Giso 1 30.12 1800,9501,72,132.45
opt-30b Niso 1 25.01 1800,9501,72,132.46
opt-30b Nhalf 1 25.03 1800,9501,72,133.33
opt-30b Nns 1 30.27 1800,9501,70,129.86
opt-30b Nnsc 1 27.96 1800,9501,72,133.47
opt-6.7b Ga 2 55.48 1800,9501,73,136.16
opt-6.7b Na 2 46.87 1875,9501,71,134.53
opt-6.7b G 2 41.83 1875,9501,70,133.72
opt-6.7b N 2 47.25 1860,9501,73,136.42
opt-6.7b Giso 2 53.25 1875,9501,71,134.40
opt-6.7b Niso 2 46.39 1860,9501,75,139.44
opt-6.7b Nhalf 2 47.85 1845,9501,77,140.32
opt-6.7b Nns 2 53.16 1845,9501,77,140.70
opt-6.7b Nnsc 2 54.04 1845,9501,78,141.25
Bamboo Ga 2 33.92 1845,9501,78,141.94
Bamboo Na 2 36.02 1800,9501,69,129.58
Bamboo G 2 33.42 1800,9501,74,134.86
Bamboo N 2 34.75 1800,9251,72,132.12
Bamboo Giso 2 30.25 1800,9501,75,136.05
Bamboo Niso 2 38.79 1800,9501,73,134.34
Bamboo Nhalf 2 38.34 1800,9501,76,139.18
Bamboo Nns 2 42.45 1800,9251,76,138.87
Bamboo Nnsc 2 43.65 1800,9501,78,142.24
prosparse-7b Ga 2 38.35 1800,9501,77,139.91
prosparse-7b Na 2 38.89 1875,9501,72,135.11
prosparse-7b G 2 38.96 1875,9501,72,136.53
prosparse-7b N 2 35.52 1875,9501,71,134.22
prosparse-7b Giso 2 42.09 1860,9501,71,134.55
prosparse-7b Niso 2 33.64 1875,9501,70,133.45
prosparse-7b Nhalf 2 40.48 1875,9501,71,134.29
prosparse-7b Nns 2 41.99 1875,9501,70,132.81
prosparse-7b Nnsc 2 43.96 1875,9501,69,133.29
SparseQwen2 Ga 2 47.90 1875,9501,70,133.72
SparseQwen2 Na 2 35.93 1800,9501,68,127.74
SparseQwen2 G 2 49.02 1800,9501,67,127.04
SparseQwen2 N 2 36.05 1800,9501,67,127.96
SparseQwen2 Giso 2 48.05 1800,9501,67,125.40
SparseQwen2 Niso 2 37.51 1800,9501,67,126.92
SparseQwen2 Nhalf 2 38.69 1800,9501,68,125.58
SparseQwen2 Nns 2 41.75 1800,9501,67,126.29
SparseQwen2 Nnsc 2 41.82 1800,9501,67,126.90
opt-30b Ga 2 30.11 1800,9501,68,127.36
opt-30b Na 2 23.93 1800,9501,70,130.70
opt-30b G 2 27.73 1800,9501,72,132.99
opt-30b N 2 21.99 1800,9501,71,130.59
opt-30b Giso 2 31.70 1800,9501,72,130.62
opt-30b Niso 2 23.77 1800,9501,72,134.31
opt-30b Nhalf 2 25.35 1800,9501,71,130.23
opt-30b Nns 2 26.90 1800,9501,71,132.35
opt-30b Nnsc 2 26.84 1800,9501,72,133.95
opt-6.7b Ga 3 54.85 1800,9501,72,132.21
opt-6.7b Na 3 46.72 1875,9501,71,134.40
opt-6.7b G 3 40.95 1860,9501,75,138.96
opt-6.7b N 3 46.79 1860,9501,75,139.12
opt-6.7b Giso 3 54.03 1860,9501,77,142.34
opt-6.7b Niso 3 47.60 1860,9501,78,141.78
opt-6.7b Nhalf 3 46.94 1860,9501,78,142.21
opt-6.7b Nns 3 52.60 1860,9501,78,142.49
opt-6.7b Nnsc 3 54.86 1860,9501,79,143.87
Bamboo Ga 3 33.44 1860,9501,79,143.71
Bamboo Na 3 35.91 1800,9501,70,129.90
Bamboo G 3 33.19 1800,9501,71,134.71
Bamboo N 3 35.92 1800,9501,69,132.22
Bamboo Giso 3 33.38 1800,9501,69,131.46
Bamboo Niso 3 38.46 1800,9501,70,133.81
Bamboo Nhalf 3 38.72 1800,9501,73,136.10
Bamboo Nns 3 42.58 1800,9501,75,136.93
Bamboo Nnsc 3 43.91 1800,9501,75,136.46
prosparse-7b Ga 3 39.39 1800,9501,76,139.17
prosparse-7b Na 3 36.68 1875,9501,71,134.86
prosparse-7b G 3 36.97 1875,9501,71,134.79
prosparse-7b N 3 34.34 1875,9501,69,131.74
prosparse-7b Giso 3 36.47 1875,9501,70,133.28
prosparse-7b Niso 3 38.31 1875,9501,69,132.69
prosparse-7b Nhalf 3 38.19 1875,9501,70,133.24
prosparse-7b Nns 3 41.98 1875,9501,69,132.84
prosparse-7b Nnsc 3 46.47 1875,9501,69,132.38
SparseQwen2 Ga 3 48.16 1875,9501,69,132.25
SparseQwen2 Na 3 35.40 1800,9501,67,124.98
SparseQwen2 G 3 47.93 1800,9501,68,127.56
SparseQwen2 N 3 35.69 1800,9501,67,126.30
SparseQwen2 Giso 3 48.63 1800,9501,67,127.05
SparseQwen2 Niso 3 38.02 1800,9501,67,127.95
SparseQwen2 Nhalf 3 37.66 1800,9501,67,125.14
SparseQwen2 Nns 3 41.50 1800,9501,66,125.44
SparseQwen2 Nnsc 3 41.26 1800,9501,67,125.31
opt-30b Ga 3 30.30 1800,9501,67,125.92
opt-30b Na 3 21.84 1800,9501,69,129.45
opt-30b G 3 30.31 1800,9501,70,129.17
opt-30b N 3 21.64 1800,9501,71,131.41
opt-30b Giso 3 29.23 1800,9501,71,130.80
opt-30b Niso 3 25.82 1800,9501,71,131.59
opt-30b Nhalf 3 26.30 1800,9501,71,132.61
opt-30b Nns 3 26.25 1800,9501,71,131.77
opt-30b Nnsc 3 30.82 1800,9501,71,129.92
